{
    "customer_1": {
        "coordinates": {
            "x": -29.73,
            "y": 64.136
        },
        "demand": 12,
        "due_time": 525,
        "ready_time": 399,
        "service_duration": 2
    },
    "customer_10": {
        "coordinates": {
            "x": 23.029,
            "y": 11.639
        },
        "demand": 18,
        "due_time": 206,
        "ready_time": 90,
        "service_duration": 1
    },
    "customer_11": {
        "coordinates": {
            "x": 25.482,
            "y": 6.287
        },
        "demand": 7,
        "due_time": 525,
        "ready_time": 397,
        "service_duration": 4
    },
    "customer_12": {
        "coordinates": {
            "x": -42.615,
            "y": -26.392
        },
        "demand": 6,
        "due_time": 420,
        "ready_time": 271,
        "service_duration": 10
    },
    "customer_13": {
        "coordinates": {
            "x": -76.672,
            "y": 99.341
        },
        "demand": 9,
        "due_time": 266,
        "ready_time": 108,
        "service_duration": 2
    },
    "customer_14": {
        "coordinates": {
            "x": -20.673,
            "y": 57.892
        },
        "demand": 9,
        "due_time": 462,
        "ready_time": 340,
        "service_duration": 16
    },
    "customer_15": {
        "coordinates": {
            "x": -52.039,
            "y": 6.567
        },
        "demand": 4,
        "due_time": 377,
        "ready_time": 226,
        "service_duration": 23
    },
    "customer_16": {
        "coordinates": {
            "x": -41.376,
            "y": 50.824
        },
        "demand": 25,
        "due_time": 604,
        "ready_time": 446,
        "service_duration": 18
    },
    "customer_17": {
        "coordinates": {
            "x": -91.943,
            "y": 27.588
        },
        "demand": 5,
        "due_time": 566,
        "ready_time": 444,
        "service_duration": 3
    },
    "customer_18": {
        "coordinates": {
            "x": -65.118,
            "y": 30.212
        },
        "demand": 17,
        "due_time": 557,
        "ready_time": 434,
        "service_duration": 15
    },
    "customer_19": {
        "coordinates": {
            "x": 18.597,
            "y": 96.716
        },
        "demand": 3,
        "due_time": 460,
        "ready_time": 319,
        "service_duration": 13
    },
    "customer_2": {
        "coordinates": {
            "x": -30.664,
            "y": 5.463
        },
        "demand": 8,
        "due_time": 299,
        "ready_time": 121,
        "service_duration": 7
    },
    "customer_20": {
        "coordinates": {
            "x": -40.942,
            "y": 83.209
        },
        "demand": 16,
        "due_time": 312,
        "ready_time": 192,
        "service_duration": 10
    },
    "customer_21": {
        "coordinates": {
            "x": -37.756,
            "y": -33.325
        },
        "demand": 25,
        "due_time": 572,
        "ready_time": 414,
        "service_duration": 4
    },
    "customer_22": {
        "coordinates": {
            "x": 23.767,
            "y": 29.083
        },
        "demand": 21,
        "due_time": 462,
        "ready_time": 371,
        "service_duration": 23
    },
    "customer_23": {
        "coordinates": {
            "x": -43.03,
            "y": 20.453
        },
        "demand": 14,
        "due_time": 472,
        "ready_time": 378,
        "service_duration": 20
    },
    "customer_24": {
        "coordinates": {
            "x": -35.297,
            "y": -24.896
        },
        "demand": 19,
        "due_time": 477,
        "ready_time": 308,
        "service_duration": 10
    },
    "customer_25": {
        "coordinates": {
            "x": -54.755,
            "y": 14.368
        },
        "demand": 14,
        "due_time": 444,
        "ready_time": 329,
        "service_duration": 4
    },
    "customer_26": {
        "coordinates": {
            "x": -49.329,
            "y": 33.374
        },
        "demand": 6,
        "due_time": 377,
        "ready_time": 269,
        "service_duration": 2
    },
    "customer_27": {
        "coordinates": {
            "x": 57.404,
            "y": 23.822
        },
        "demand": 16,
        "due_time": 494,
        "ready_time": 398,
        "service_duration": 23
    },
    "customer_28": {
        "coordinates": {
            "x": -22.754,
            "y": 55.408
        },
        "demand": 9,
        "due_time": 416,
        "ready_time": 257,
        "service_duration": 6
    },
    "customer_29": {
        "coordinates": {
            "x": -56.622,
            "y": 73.34
        },
        "demand": 20,
        "due_time": 294,
        "ready_time": 198,
        "service_duration": 8
    },
    "customer_3": {
        "coordinates": {
            "x": 51.642,
            "y": 5.469
        },
        "demand": 16,
        "due_time": 483,
        "ready_time": 389,
        "service_duration": 21
    },
    "customer_30": {
        "coordinates": {
            "x": -38.562,
            "y": -3.705
        },
        "demand": 13,
        "due_time": 467,
        "ready_time": 375,
        "service_duration": 10
    },
    "customer_31": {
        "coordinates": {
            "x": -16.779,
            "y": 19.537
        },
        "demand": 10,
        "due_time": 338,
        "ready_time": 200,
        "service_duration": 7
    },
    "customer_32": {
        "coordinates": {
            "x": -11.56,
            "y": 11.615
        },
        "demand": 16,
        "due_time": 632,
        "ready_time": 456,
        "service_duration": 1
    },
    "customer_33": {
        "coordinates": {
            "x": -46.545,
            "y": 97.974
        },
        "demand": 19,
        "due_time": 179,
        "ready_time": 72,
        "service_duration": 21
    },
    "customer_34": {
        "coordinates": {
            "x": 16.229,
            "y": 9.32
        },
        "demand": 22,
        "due_time": 282,
        "ready_time": 182,
        "service_duration": 6
    },
    "customer_35": {
        "coordinates": {
            "x": 1.294,
            "y": 7.349
        },
        "demand": 14,
        "due_time": 306,
        "ready_time": 159,
        "service_duration": 4
    },
    "customer_36": {
        "coordinates": {
            "x": -26.404,
            "y": 29.529
        },
        "demand": 10,
        "due_time": 500,
        "ready_time": 321,
        "service_duration": 13
    },
    "customer_37": {
        "coordinates": {
            "x": 4.352,
            "y": 14.685
        },
        "demand": 11,
        "due_time": 430,
        "ready_time": 322,
        "service_duration": 9
    },
    "customer_38": {
        "coordinates": {
            "x": -50.665,
            "y": -23.126
        },
        "demand": 15,
        "due_time": 564,
        "ready_time": 443,
        "service_duration": 22
    },
    "customer_39": {
        "coordinates": {
            "x": -22.833,
            "y": -9.814
        },
        "demand": 13,
        "due_time": 348,
        "ready_time": 207,
        "service_duration": 22
    },
    "customer_4": {
        "coordinates": {
            "x": -13.171,
            "y": 69.336
        },
        "demand": 5,
        "due_time": 304,
        "ready_time": 204,
        "service_duration": 24
    },
    "customer_40": {
        "coordinates": {
            "x": -71.1,
            "y": -18.616
        },
        "demand": 15,
        "due_time": 588,
        "ready_time": 457,
        "service_duration": 18
    },
    "customer_41": {
        "coordinates": {
            "x": -7.849,
            "y": 32.074
        },
        "demand": 8,
        "due_time": 382,
        "ready_time": 203,
        "service_duration": 10
    },
    "customer_42": {
        "coordinates": {
            "x": 11.877,
            "y": -24.933
        },
        "demand": 22,
        "due_time": 167,
        "ready_time": 75,
        "service_duration": 25
    },
    "customer_43": {
        "coordinates": {
            "x": -18.927,
            "y": -23.73
        },
        "demand": 24,
        "due_time": 598,
        "ready_time": 459,
        "service_duration": 23
    },
    "customer_44": {
        "coordinates": {
            "x": -11.92,
            "y": 11.755
        },
        "demand": 3,
        "due_time": 332,
        "ready_time": 174,
        "service_duration": 4
    },
    "customer_45": {
        "coordinates": {
            "x": 29.84,
            "y": 11.633
        },
        "demand": 25,
        "due_time": 225,
        "ready_time": 130,
        "service_duration": 9
    },
    "customer_46": {
        "coordinates": {
            "x": 12.268,
            "y": -55.811
        },
        "demand": 19,
        "due_time": 283,
        "ready_time": 169,
        "service_duration": 17
    },
    "customer_47": {
        "coordinates": {
            "x": -37.933,
            "y": -21.613
        },
        "demand": 21,
        "due_time": 232,
        "ready_time": 115,
        "service_duration": 10
    },
    "customer_48": {
        "coordinates": {
            "x": 42.883,
            "y": -2.966
        },
        "demand": 10,
        "due_time": 531,
        "ready_time": 414,
        "service_duration": 17
    },
    "customer_5": {
        "coordinates": {
            "x": -67.413,
            "y": 68.323
        },
        "demand": 12,
        "due_time": 458,
        "ready_time": 317,
        "service_duration": 1
    },
    "customer_6": {
        "coordinates": {
            "x": 48.907,
            "y": 6.274
        },
        "demand": 5,
        "due_time": 257,
        "ready_time": 160,
        "service_duration": 17
    },
    "customer_7": {
        "coordinates": {
            "x": 5.243,
            "y": 22.26
        },
        "demand": 13,
        "due_time": 287,
        "ready_time": 170,
        "service_duration": 6
    },
    "customer_8": {
        "coordinates": {
            "x": -65.002,
            "y": 77.234
        },
        "demand": 20,
        "due_time": 321,
        "ready_time": 215,
        "service_duration": 5
    },
    "customer_9": {
        "coordinates": {
            "x": -4.175,
            "y": -1.569
        },
        "demand": 13,
        "due_time": 233,
        "ready_time": 80,
        "service_duration": 7
    },
    "depot_49": {
        "coordinates": {
            "x": 4.163,
            "y": 13.559
        },
        "latest_time": 1000,
        "max_route_duration": 500,
        "max_vehicle_load": 200
    },
    "depot_50": {
        "coordinates": {
            "x": 21.387,
            "y": 17.105
        },
        "latest_time": 1000,
        "max_route_duration": 500,
        "max_vehicle_load": 200
    },
    "depot_51": {
        "coordinates": {
            "x": -36.118,
            "y": 49.097
        },
        "latest_time": 1000,
        "max_route_duration": 500,
        "max_vehicle_load": 200
    },
    "depot_52": {
        "coordinates": {
            "x": -31.201,
            "y": 0.235
        },
        "latest_time": 1000,
        "max_route_duration": 500,
        "max_vehicle_load": 200
    },
    "distance_matrix": [
        [
            0.0,
            58.68,
            100.316,
            17.356,
            37.915,
            97.631,
            54.559,
            37.625,
            70.5,
            74.427,
            79.968,
            91.44,
            58.677,
            11.001,
            61.74,
            17.687,
            72.154,
            49.022,
            58.283,
            22.124,
            97.791,
            63.958,
            45.663,
            89.206,
            55.706,
            36.475,
            96.008,
            11.173,
            28.423,
            68.413,
            46.441,
            55.575,
            37.786,
            71.533,
            64.709,
            34.766,
            60.058,
            89.738,
            74.271,
            92.517,
            38.817,
            98.308,
            88.528,
            55.326,
            79.405,
            127.087,
            86.14,
            98.87,
            60.883,
            69.461,
            16.339,
            63.918
        ],
        [
            58.68,
            0.0,
            82.306,
            66.225,
            72.814,
            79.575,
            39.642,
            79.562,
            27.406,
            54.047,
            56.152,
            34.023,
            104.546,
            53.372,
            21.403,
            46.609,
            65.151,
            42.422,
            103.7,
            78.422,
            39.431,
            59.335,
            19.432,
            30.71,
            25.684,
            33.577,
            89.961,
            50.567,
            72.671,
            12.101,
            19.77,
            20.07,
            93.864,
            47.051,
            32.014,
            24.44,
            36.21,
            34.891,
            17.167,
            47.062,
            35.052,
            52.284,
            31.464,
            19.772,
            60.818,
            74.818,
            28.035,
            74.028,
            35.756,
            53.337,
            43.974,
            5.256
        ],
        [
            100.316,
            82.306,
            0.0,
            90.993,
            134.628,
            2.851,
            49.344,
            136.953,
            56.259,
            29.271,
            26.173,
            99.496,
            158.986,
            89.318,
            103.687,
            103.486,
            145.279,
            119.353,
            97.046,
            120.894,
            97.452,
            36.533,
            95.85,
            92.089,
            106.769,
            104.756,
            19.236,
            89.603,
            127.779,
            90.669,
            69.852,
            63.5,
            134.899,
            35.622,
            50.383,
            81.67,
            48.18,
            106.228,
            76.027,
            125.083,
            65.169,
            50.055,
            76.371,
            63.872,
            22.657,
            72.839,
            93.579,
            12.16,
            48.163,
            32.415,
            98.006,
            83.008
        ],
        [
            17.356,
            66.225,
            90.993,
            0.0,
            54.251,
            88.49,
            50.549,
            52.429,
            71.473,
            68.113,
            73.954,
            100.154,
            70.233,
            13.684,
            73.829,
            33.737,
            89.151,
            65.032,
            41.939,
            31.043,
            105.564,
            54.633,
            57.281,
            96.795,
            68.925,
            50.997,
            83.978,
            16.906,
            43.635,
            77.328,
            49.93,
            57.743,
            43.977,
            66.83,
            63.652,
            41.949,
            57.392,
            99.775,
            79.738,
            105.315,
            37.64,
            97.54,
            93.244,
            57.595,
            71.969,
            127.706,
            94.26,
            91.486,
            58.408,
            62.629,
            30.597,
            71.414
        ],
        [
            37.915,
            72.814,
            134.628,
            54.251,
            0.0,
            131.835,
            86.027,
            9.231,
            94.255,
            106.737,
            111.705,
            97.907,
            32.37,
            47.89,
            63.641,
            31.371,
            47.551,
            38.18,
            90.575,
            30.37,
            105.886,
            99.265,
            53.722,
            98.596,
            55.42,
            39.351,
            132.513,
            46.489,
            11.9,
            77.591,
            70.313,
            79.595,
            36.258,
            102.359,
            91.861,
            56.451,
            89.595,
            92.97,
            89.96,
            87.017,
            69.727,
            122.407,
            104.042,
            79.243,
            112.57,
            147.507,
            94.644,
            131.329,
            90.123,
            102.512,
            36.729,
            77.119
        ],
        [
            97.631,
            79.575,
            2.851,
            88.49,
            131.835,
            0.0,
            46.498,
            134.204,
            53.658,
            26.428,
            23.425,
            97.177,
            156.306,
            86.636,
            100.946,
            100.676,
            142.454,
            116.511,
            95.386,
            118.287,
            95.281,
            33.945,
            93.024,
            89.788,
            103.978,
            101.905,
            19.497,
            86.888,
            125.037,
            88.036,
            67.012,
            60.702,
            132.363,
            32.82,
            47.625,
            78.82,
            45.342,
            103.822,
            73.522,
            122.561,
            62.345,
            48.426,
            74.173,
            61.073,
            19.806,
            72.09,
            91.208,
            11.03,
            45.333,
            29.575,
            95.2,
            80.335
        ],
        [
            54.559,
            39.642,
            49.344,
            50.549,
            86.027,
            46.498,
            0.0,
            89.199,
            25.623,
            20.716,
            25.783,
            68.245,
            112.479,
            44.06,
            59.393,
            54.674,
            97.332,
            70.809,
            75.644,
            76.471,
            70.275,
            19.741,
            48.307,
            62.187,
            60.515,
            55.692,
            52.184,
            43.389,
            80.227,
            50.922,
            22.19,
            19.891,
            91.731,
            16.975,
            15.425,
            32.471,
            7.627,
            72.011,
            42.626,
            86.597,
            16.362,
            47.657,
            51.954,
            20.123,
            26.795,
            78.386,
            61.555,
            45.311,
            8.768,
            16.947,
            49.305,
            42.582
        ],
        [
            37.625,
            79.562,
            136.953,
            52.429,
            9.231,
            134.204,
            89.199,
            0.0,
            99.548,
            109.782,
            114.982,
            106.017,
            24.998,
            48.365,
            71.846,
            35.436,
            56.485,
            47.022,
            85.839,
            24.791,
            113.867,
            100.987,
            60.884,
            106.362,
            63.696,
            46.576,
            133.552,
            47.553,
            9.241,
            85.148,
            75.196,
            84.628,
            27.763,
            105.881,
            96.328,
            61.364,
            93.394,
            101.379,
            96.724,
            96.044,
            72.842,
            127.861,
            110.98,
            84.292,
            115.319,
            153.856,
            102.486,
            134.429,
            94.012,
            105.255,
            40.323,
            84.091
        ],
        [
            70.5,
            27.406,
            56.259,
            71.473,
            94.255,
            53.658,
            25.623,
            99.548,
            0.0,
            30.241,
            30.68,
            45.758,
            124.252,
            61.707,
            48.551,
            64.257,
            92.484,
            68.732,
            100.889,
            92.407,
            46.218,
            41.477,
            44.662,
            38.894,
            53.031,
            57.096,
            66.608,
            59.93,
            91.444,
            34.453,
            24.583,
            15.111,
            108.185,
            23.128,
            10.461,
            38.226,
            18.355,
            51.245,
            20.399,
            69.062,
            33.843,
            28.347,
            26.622,
            15.411,
            36.487,
            56.68,
            39.26,
            47.079,
            17.274,
            31.657,
            59.895,
            27.086
        ],
        [
            74.427,
            54.047,
            29.271,
            68.113,
            106.737,
            26.428,
            20.716,
            109.782,
            30.241,
            0.0,
            5.887,
            75.865,
            132.785,
            63.633,
            75.239,
            75.389,
            116.073,
            90.082,
            85.192,
            95.992,
            75.608,
            17.46,
            66.644,
            68.824,
            77.832,
            75.552,
            36.47,
            63.339,
            100.754,
            63.474,
            40.584,
            34.589,
            110.88,
            7.185,
            22.154,
            52.571,
            18.924,
            81.483,
            50.632,
            98.872,
            37.028,
            38.235,
            54.875,
            34.949,
            6.811,
            68.303,
            69.441,
            24.647,
            18.963,
            5.707,
            70.01,
            55.416
        ],
        [
            79.968,
            56.152,
            26.173,
            73.954,
            111.705,
            23.425,
            25.783,
            114.982,
            30.68,
            5.887,
            0.0,
            75.532,
            138.183,
            69.234,
            77.522,
            80.334,
            119.341,
            93.706,
            90.691,
            101.632,
            74.62,
            22.86,
            69.961,
            68.312,
            80.643,
            79.564,
            36.421,
            68.845,
            106.006,
            64.819,
            44.289,
            37.423,
            116.595,
            9.737,
            24.211,
            56.854,
            22.738,
            81.63,
            50.927,
            99.741,
            42.142,
            34.056,
            53.602,
            37.8,
            6.897,
            63.488,
            69.281,
            19.708,
            22.525,
            11.567,
            75.015,
            57.005
        ],
        [
            91.44,
            34.023,
            99.496,
            100.154,
            97.907,
            97.177,
            68.245,
            106.017,
            45.758,
            75.865,
            75.532,
            0.0,
            130.264,
            87.093,
            34.28,
            77.226,
            73.124,
            60.913,
            137.486,
            109.614,
            8.466,
            86.51,
            46.847,
            7.469,
            42.529,
            60.142,
            111.916,
            84.177,
            100.711,
            23.046,
            52.697,
            49.081,
            124.428,
            68.833,
            55.376,
            58.223,
            62.396,
            8.687,
            25.81,
            29.527,
            68.022,
            54.512,
            23.837,
            48.963,
            81.827,
            62.271,
            6.69,
            88.649,
            61.516,
            77.384,
            75.768,
            28.97
        ],
        [
            58.677,
            104.546,
            158.986,
            70.233,
            32.37,
            156.306,
            112.479,
            24.998,
            124.252,
            132.785,
            138.183,
            130.264,
            0.0,
            69.67,
            95.989,
            59.998,
            73.36,
            70.088,
            95.305,
            39.203,
            138.256,
            122.573,
            85.762,
            130.945,
            87.754,
            71.409,
            153.881,
            69.55,
            32.834,
            109.867,
            99.779,
            109.249,
            30.158,
            129.361,
            120.587,
            86.027,
            117.182,
            125.198,
            121.711,
            118.089,
            96.236,
            152.594,
            135.945,
            108.923,
            137.976,
            178.836,
            127.006,
            157.353,
            117.868,
            127.978,
            64.568,
            109.039
        ],
        [
            11.001,
            53.372,
            89.318,
            13.684,
            47.89,
            86.636,
            44.06,
            48.365,
            61.707,
            63.633,
            69.234,
            87.093,
            69.67,
            0.0,
            60.15,
            21.876,
            77.445,
            52.36,
            55.222,
            32.431,
            92.803,
            52.961,
            43.606,
            84.07,
            55.28,
            37.713,
            85.187,
            3.24,
            39.128,
            64.142,
            38.552,
            47.166,
            47.707,
            61.0,
            55.11,
            28.936,
            49.931,
            86.391,
            67.74,
            91.632,
            28.827,
            88.991,
            81.641,
            46.96,
            68.494,
            118.379,
            81.357,
            87.995,
            50.816,
            58.589,
            17.774,
            58.61
        ],
        [
            61.74,
            21.403,
            103.687,
            73.829,
            63.641,
            100.946,
            59.393,
            71.846,
            48.551,
            75.239,
            77.522,
            34.28,
            95.989,
            60.15,
            0.0,
            45.523,
            45.102,
            27.021,
            114.526,
            77.441,
            42.372,
            79.079,
            16.552,
            35.64,
            8.26,
            26.944,
            110.795,
            56.948,
            66.93,
            16.945,
            37.57,
            40.793,
            91.572,
            68.323,
            53.339,
            34.415,
            56.972,
            29.725,
            33.486,
            31.583,
            51.023,
            71.257,
            44.881,
            40.453,
            82.036,
            89.59,
            31.513,
            95.399,
            56.635,
            74.178,
            45.412,
            21.779
        ],
        [
            17.687,
            46.609,
            103.486,
            33.737,
            31.371,
            100.676,
            54.674,
            35.436,
            64.257,
            75.389,
            80.334,
            77.226,
            59.998,
            21.876,
            45.523,
            0.0,
            55.65,
            31.441,
            75.517,
            32.388,
            84.227,
            68.675,
            30.416,
            75.964,
            38.833,
            19.177,
            102.404,
            19.178,
            27.192,
            54.602,
            39.798,
            49.258,
            47.432,
            70.999,
            60.916,
            26.031,
            58.284,
            74.531,
            63.41,
            75.534,
            38.414,
            92.601,
            77.86,
            48.929,
            81.287,
            119.368,
            72.519,
            99.965,
            58.843,
            71.247,
            5.534,
            51.602
        ],
        [
            72.154,
            65.151,
            145.279,
            89.151,
            47.551,
            142.454,
            97.332,
            56.485,
            92.484,
            116.073,
            119.341,
            73.124,
            73.36,
            77.445,
            45.102,
            55.65,
            0.0,
            26.953,
            130.376,
            75.464,
            81.527,
            115.72,
            49.431,
            77.223,
            39.468,
            43.005,
            149.394,
            74.573,
            57.8,
            61.877,
            75.594,
            81.955,
            83.757,
            109.704,
            95.408,
            65.568,
            97.156,
            65.389,
            78.582,
            50.688,
            84.214,
            116.349,
            89.246,
            81.574,
            122.824,
            133.474,
            73.06,
            138.245,
            97.125,
            113.814,
            59.825,
            66.617
        ],
        [
            49.022,
            42.422,
            119.353,
            65.032,
            38.18,
            116.511,
            70.809,
            47.022,
            68.732,
            90.082,
            93.706,
            60.913,
            70.088,
            52.36,
            27.021,
            31.441,
            26.953,
            0.0,
            106.916,
            58.251,
            69.178,
            88.892,
            24.148,
            62.659,
            18.932,
            16.103,
            122.689,
            49.29,
            43.957,
            43.076,
            49.504,
            56.695,
            70.261,
            83.987,
            70.237,
            38.72,
            71.184,
            55.261,
            58.225,
            49.193,
            57.299,
            94.706,
            71.017,
            56.309,
            96.758,
            115.709,
            58.522,
            112.982,
            71.254,
            87.492,
            34.607,
            45.266
        ],
        [
            58.283,
            103.7,
            97.046,
            41.939,
            90.575,
            95.386,
            75.644,
            85.839,
            100.889,
            85.192,
            90.691,
            137.486,
            95.305,
            55.222,
            114.526,
            75.517,
            130.376,
            106.916,
            0.0,
            61.052,
            141.726,
            67.83,
            98.051,
            133.019,
            110.28,
            92.877,
            82.58,
            58.449,
            78.768,
            115.549,
            84.9,
            90.286,
            65.154,
            87.428,
            91.027,
            80.865,
            83.259,
            138.417,
            114.303,
            146.106,
            69.843,
            121.834,
            126.156,
            90.275,
            85.823,
            152.658,
            131.139,
            102.598,
            84.4,
            79.66,
            72.535,
            108.575
        ],
        [
            22.124,
            78.422,
            120.894,
            31.043,
            30.37,
            118.287,
            76.471,
            24.791,
            92.407,
            95.992,
            101.632,
            109.614,
            39.203,
            32.431,
            77.441,
            32.388,
            75.464,
            58.251,
            61.052,
            0.0,
            116.578,
            84.362,
            62.791,
            108.252,
            70.213,
            50.536,
            114.886,
            33.222,
            18.527,
            86.947,
            68.103,
            77.389,
            15.792,
            93.424,
            86.825,
            55.614,
            82.141,
            106.779,
            94.769,
            106.197,
            60.909,
            120.352,
            109.182,
            77.123,
            100.664,
            148.855,
            104.865,
            120.22,
            82.979,
            90.855,
            34.451,
            83.544
        ],
        [
            97.791,
            39.431,
            97.452,
            105.564,
            105.886,
            95.281,
            70.275,
            113.867,
            46.218,
            75.608,
            74.62,
            8.466,
            138.256,
            92.803,
            42.372,
            84.227,
            81.527,
            69.178,
            141.726,
            116.578,
            0.0,
            87.635,
            54.036,
            8.78,
            50.632,
            67.696,
            111.001,
            89.992,
            108.321,
            29.631,
            56.872,
            52.018,
            131.593,
            68.797,
            56.385,
            63.871,
            63.86,
            16.452,
            27.847,
            36.444,
            71.913,
            50.337,
            21.133,
            51.959,
            81.182,
            54.845,
            11.713,
            86.164,
            62.891,
            77.724,
            82.438,
            34.194
        ],
        [
            63.958,
            59.335,
            36.533,
            54.633,
            99.265,
            33.945,
            19.741,
            100.987,
            41.477,
            17.46,
            22.86,
            86.51,
            122.573,
            52.961,
            79.079,
            68.675,
            115.72,
            88.892,
            67.83,
            84.362,
            87.635,
            0.0,
            67.352,
            80.014,
            79.889,
            73.222,
            34.046,
            53.453,
            91.766,
            70.427,
            41.655,
            39.41,
            98.437,
            21.152,
            31.263,
            50.173,
            24.171,
            90.917,
            60.7,
            106.184,
            31.757,
            55.309,
            67.912,
            39.671,
            18.477,
            85.669,
            79.856,
            37.317,
            25.006,
            12.212,
            63.141,
            62.078
        ],
        [
            45.663,
            19.432,
            95.85,
            57.281,
            53.722,
            93.024,
            48.307,
            60.884,
            44.662,
            66.644,
            69.961,
            46.847,
            85.762,
            43.606,
            16.552,
            30.416,
            49.431,
            24.148,
            98.051,
            62.791,
            54.036,
            67.352,
            0.0,
            46.004,
            13.21,
            14.375,
            100.49,
            40.41,
            54.606,
            24.568,
            26.267,
            32.687,
            77.601,
            60.296,
            46.22,
            18.942,
            47.732,
            44.243,
            36.387,
            48.107,
            37.051,
            71.237,
            50.33,
            32.303,
            73.402,
            94.202,
            42.374,
            89.048,
            47.694,
            64.504,
            29.466,
            23.424
        ],
        [
            89.206,
            30.71,
            92.089,
            96.795,
            98.596,
            89.788,
            62.187,
            106.362,
            38.894,
            68.824,
            68.312,
            7.469,
            130.945,
            84.07,
            35.64,
            75.964,
            77.223,
            62.659,
            133.019,
            108.252,
            8.78,
            80.014,
            46.004,
            0.0,
            43.821,
            59.936,
            104.723,
            81.278,
            100.524,
            21.441,
            48.137,
            43.549,
            123.384,
            61.852,
            48.771,
            55.147,
            56.024,
            15.47,
            19.566,
            36.35,
            63.237,
            47.174,
            16.411,
            43.472,
            74.681,
            56.729,
            4.21,
            81.198,
            55.099,
            70.549,
            73.998,
            25.463
        ],
        [
            55.706,
            25.684,
            106.769,
            68.925,
            55.42,
            103.978,
            60.515,
            63.696,
            53.031,
            77.832,
            80.643,
            42.529,
            87.754,
            55.28,
            8.26,
            38.833,
            39.468,
            18.932,
            110.28,
            70.213,
            50.632,
            79.889,
            13.21,
            43.821,
            0.0,
            19.765,
            112.557,
            52.042,
            59.002,
            24.266,
            38.326,
            43.283,
            84.008,
            71.163,
            56.487,
            32.15,
            59.108,
            37.716,
            40.047,
            36.812,
            50.137,
            77.359,
            52.298,
            42.915,
            84.639,
            97.042,
            39.719,
            99.165,
            58.924,
            76.191,
            39.414,
            27.469
        ],
        [
            36.475,
            33.577,
            104.756,
            50.997,
            39.351,
            101.905,
            55.692,
            46.576,
            57.096,
            75.552,
            79.564,
            60.142,
            71.409,
            37.713,
            26.944,
            19.177,
            43.005,
            16.103,
            92.877,
            50.536,
            67.696,
            73.222,
            14.375,
            59.936,
            19.765,
            0.0,
            107.16,
            34.521,
            40.626,
            38.611,
            35.369,
            43.588,
            64.66,
            69.832,
            56.921,
            23.245,
            56.841,
            56.516,
            50.668,
            56.364,
            41.5,
            84.533,
            64.693,
            43.207,
            82.1,
            108.389,
            56.155,
            99.114,
            57.044,
            72.563,
            20.536,
            37.773
        ],
        [
            96.008,
            89.961,
            19.236,
            83.978,
            132.513,
            19.497,
            52.184,
            133.552,
            66.608,
            36.47,
            36.421,
            111.916,
            153.881,
            85.187,
            110.795,
            102.404,
            149.394,
            122.689,
            82.58,
            114.886,
            111.001,
            34.046,
            100.49,
            104.723,
            112.557,
            107.16,
            0.0,
            86.157,
            124.314,
            99.836,
            74.307,
            70.036,
            127.687,
            43.654,
            58.478,
            84.002,
            53.833,
            117.826,
            87.002,
            135.33,
            65.773,
            66.707,
            89.931,
            70.366,
            30.139,
            91.535,
            105.61,
            30.471,
            54.221,
            36.638,
            96.877,
            91.691
        ],
        [
            11.173,
            50.567,
            89.603,
            16.906,
            46.489,
            86.888,
