{
    "customer_1": {
        "coordinates": {
            "x": -29.73,
            "y": 64.136
        },
        "demand": "12",
        "earliest_time": "399",
        "latest_time": "525",
        "service_duration": "2"
    },
    "customer_10": {
        "coordinates": {
            "x": 23.029,
            "y": 11.639
        },
        "demand": "18",
        "earliest_time": "90",
        "latest_time": "206",
        "service_duration": "1"
    },
    "customer_11": {
        "coordinates": {
            "x": 25.482,
            "y": 6.287
        },
        "demand": "7",
        "earliest_time": "397",
        "latest_time": "525",
        "service_duration": "4"
    },
    "customer_12": {
        "coordinates": {
            "x": -42.615,
            "y": -26.392
        },
        "demand": "6",
        "earliest_time": "271",
        "latest_time": "420",
        "service_duration": "10"
    },
    "customer_13": {
        "coordinates": {
            "x": -76.672,
            "y": 99.341
        },
        "demand": "9",
        "earliest_time": "108",
        "latest_time": "266",
        "service_duration": "2"
    },
    "customer_14": {
        "coordinates": {
            "x": -20.673,
            "y": 57.892
        },
        "demand": "9",
        "earliest_time": "340",
        "latest_time": "462",
        "service_duration": "16"
    },
    "customer_15": {
        "coordinates": {
            "x": -52.039,
            "y": 6.567
        },
        "demand": "4",
        "earliest_time": "226",
        "latest_time": "377",
        "service_duration": "23"
    },
    "customer_16": {
        "coordinates": {
            "x": -41.376,
            "y": 50.824
        },
        "demand": "25",
        "earliest_time": "446",
        "latest_time": "604",
        "service_duration": "18"
    },
    "customer_17": {
        "coordinates": {
            "x": -91.943,
            "y": 27.588
        },
        "demand": "5",
        "earliest_time": "444",
        "latest_time": "566",
        "service_duration": "3"
    },
    "customer_18": {
        "coordinates": {
            "x": -65.118,
            "y": 30.212
        },
        "demand": "17",
        "earliest_time": "434",
        "latest_time": "557",
        "service_duration": "15"
    },
    "customer_19": {
        "coordinates": {
            "x": 18.597,
            "y": 96.716
        },
        "demand": "3",
        "earliest_time": "319",
        "latest_time": "460",
        "service_duration": "13"
    },
    "customer_2": {
        "coordinates": {
            "x": -30.664,
            "y": 5.463
        },
        "demand": "8",
        "earliest_time": "121",
        "latest_time": "299",
        "service_duration": "7"
    },
    "customer_20": {
        "coordinates": {
            "x": -40.942,
            "y": 83.209
        },
        "demand": "16",
        "earliest_time": "192",
        "latest_time": "312",
        "service_duration": "10"
    },
    "customer_21": {
        "coordinates": {
            "x": -37.756,
            "y": -33.325
        },
        "demand": "25",
        "earliest_time": "414",
        "latest_time": "572",
        "service_duration": "4"
    },
    "customer_22": {
        "coordinates": {
            "x": 23.767,
            "y": 29.083
        },
        "demand": "21",
        "earliest_time": "371",
        "latest_time": "462",
        "service_duration": "23"
    },
    "customer_23": {
        "coordinates": {
            "x": -43.03,
            "y": 20.453
        },
        "demand": "14",
        "earliest_time": "378",
        "latest_time": "472",
        "service_duration": "20"
    },
    "customer_24": {
        "coordinates": {
            "x": -35.297,
            "y": -24.896
        },
        "demand": "19",
        "earliest_time": "308",
        "latest_time": "477",
        "service_duration": "10"
    },
    "customer_25": {
        "coordinates": {
            "x": -54.755,
            "y": 14.368
        },
        "demand": "14",
        "earliest_time": "329",
        "latest_time": "444",
        "service_duration": "4"
    },
    "customer_26": {
        "coordinates": {
            "x": -49.329,
            "y": 33.374
        },
        "demand": "6",
        "earliest_time": "269",
        "latest_time": "377",
        "service_duration": "2"
    },
    "customer_27": {
        "coordinates": {
            "x": 57.404,
            "y": 23.822
        },
        "demand": "16",
        "earliest_time": "398",
        "latest_time": "494",
        "service_duration": "23"
    },
    "customer_28": {
        "coordinates": {
            "x": -22.754,
            "y": 55.408
        },
        "demand": "9",
        "earliest_time": "257",
        "latest_time": "416",
        "service_duration": "6"
    },
    "customer_29": {
        "coordinates": {
            "x": -56.622,
            "y": 73.34
        },
        "demand": "20",
        "earliest_time": "198",
        "latest_time": "294",
        "service_duration": "8"
    },
    "customer_3": {
        "coordinates": {
            "x": 51.642,
            "y": 5.469
        },
        "demand": "16",
        "earliest_time": "389",
        "latest_time": "483",
        "service_duration": "21"
    },
    "customer_30": {
        "coordinates": {
            "x": -38.562,
            "y": -3.705
        },
        "demand": "13",
        "earliest_time": "375",
        "latest_time": "467",
        "service_duration": "10"
    },
    "customer_31": {
        "coordinates": {
            "x": -16.779,
            "y": 19.537
        },
        "demand": "10",
        "earliest_time": "200",
        "latest_time": "338",
        "service_duration": "7"
    },
    "customer_32": {
        "coordinates": {
            "x": -11.56,
            "y": 11.615
        },
        "demand": "16",
        "earliest_time": "456",
        "latest_time": "632",
        "service_duration": "1"
    },
    "customer_33": {
        "coordinates": {
            "x": -46.545,
            "y": 97.974
        },
        "demand": "19",
        "earliest_time": "72",
        "latest_time": "179",
        "service_duration": "21"
    },
    "customer_34": {
        "coordinates": {
            "x": 16.229,
            "y": 9.32
        },
        "demand": "22",
        "earliest_time": "182",
        "latest_time": "282",
        "service_duration": "6"
    },
    "customer_35": {
        "coordinates": {
            "x": 1.294,
            "y": 7.349
        },
        "demand": "14",
        "earliest_time": "159",
        "latest_time": "306",
        "service_duration": "4"
    },
    "customer_36": {
        "coordinates": {
            "x": -26.404,
            "y": 29.529
        },
        "demand": "10",
        "earliest_time": "321",
        "latest_time": "500",
        "service_duration": "13"
    },
    "customer_37": {
        "coordinates": {
            "x": 4.352,
            "y": 14.685
        },
        "demand": "11",
        "earliest_time": "322",
        "latest_time": "430",
        "service_duration": "9"
    },
    "customer_38": {
        "coordinates": {
            "x": -50.665,
            "y": -23.126
        },
        "demand": "15",
        "earliest_time": "443",
        "latest_time": "564",
        "service_duration": "22"
    },
    "customer_39": {
        "coordinates": {
            "x": -22.833,
            "y": -9.814
        },
        "demand": "13",
        "earliest_time": "207",
        "latest_time": "348",
        "service_duration": "22"
    },
    "customer_4": {
        "coordinates": {
            "x": -13.171,
            "y": 69.336
        },
        "demand": "5",
        "earliest_time": "204",
        "latest_time": "304",
        "service_duration": "24"
    },
    "customer_40": {
        "coordinates": {
            "x": -71.1,
            "y": -18.616
        },
        "demand": "15",
        "earliest_time": "457",
        "latest_time": "588",
        "service_duration": "18"
    },
    "customer_41": {
        "coordinates": {
            "x": -7.849,
            "y": 32.074
        },
        "demand": "8",
        "earliest_time": "203",
        "latest_time": "382",
        "service_duration": "10"
    },
    "customer_42": {
        "coordinates": {
            "x": 11.877,
            "y": -24.933
        },
        "demand": "22",
        "earliest_time": "75",
        "latest_time": "167",
        "service_duration": "25"
    },
    "customer_43": {
        "coordinates": {
            "x": -18.927,
            "y": -23.73
        },
        "demand": "24",
        "earliest_time": "459",
        "latest_time": "598",
        "service_duration": "23"
    },
    "customer_44": {
        "coordinates": {
            "x": -11.92,
            "y": 11.755
        },
        "demand": "3",
        "earliest_time": "174",
        "latest_time": "332",
        "service_duration": "4"
    },
    "customer_45": {
        "coordinates": {
            "x": 29.84,
            "y": 11.633
        },
        "demand": "25",
        "earliest_time": "130",
        "latest_time": "225",
        "service_duration": "9"
    },
    "customer_46": {
        "coordinates": {
            "x": 12.268,
            "y": -55.811
        },
        "demand": "19",
        "earliest_time": "169",
        "latest_time": "283",
        "service_duration": "17"
    },
    "customer_47": {
        "coordinates": {
            "x": -37.933,
            "y": -21.613
        },
        "demand": "21",
        "earliest_time": "115",
        "latest_time": "232",
        "service_duration": "10"
    },
    "customer_48": {
        "coordinates": {
            "x": 42.883,
            "y": -2.966
        },
        "demand": "10",
        "earliest_time": "414",
        "latest_time": "531",
        "service_duration": "17"
    },
    "customer_5": {
        "coordinates": {
            "x": -67.413,
            "y": 68.323
        },
        "demand": "12",
        "earliest_time": "317",
        "latest_time": "458",
        "service_duration": "1"
    },
    "customer_6": {
        "coordinates": {
            "x": 48.907,
            "y": 6.274
        },
        "demand": "5",
        "earliest_time": "160",
        "latest_time": "257",
        "service_duration": "17"
    },
    "customer_7": {
        "coordinates": {
            "x": 5.243,
            "y": 22.26
        },
        "demand": "13",
        "earliest_time": "170",
        "latest_time": "287",
        "service_duration": "6"
    },
    "customer_8": {
        "coordinates": {
            "x": -65.002,
            "y": 77.234
        },
        "demand": "20",
        "earliest_time": "215",
        "latest_time": "321",
        "service_duration": "5"
    },
    "customer_9": {
        "coordinates": {
            "x": -4.175,
            "y": -1.569
        },
        "demand": "13",
        "earliest_time": "80",
        "latest_time": "233",
        "service_duration": "7"
    },
    "customers": 48,
    "depot_49": {
        "coordinates": {
            "x": 4.163,
            "y": 13.559
        },
        "latest_time": "1000"
    },
    "depot_50": {
        "coordinates": {
            "x": 21.387,
            "y": 17.105
        },
        "latest_time": "1000"
    },
    "depot_51": {
        "coordinates": {
            "x": -36.118,
            "y": 49.097
        },
        "latest_time": "1000"
    },
    "depot_52": {
        "coordinates": {
            "x": -31.201,
            "y": 0.235
        },
        "latest_time": "1000"
    },
    "depots": 4,
    "distance_matrix": {
        "depot_49": [
            [
                0.0,
                60.883235607185,
                35.75563095513768,
                48.163300769361726,
                58.40840080844536,
                90.12335697254069,
                45.33317505977273,
                8.767770583221257,
                94.01224840413083,
                17.273639685949224,
                18.963447893249793,
                22.52513584864695,
                61.5163692442914,
                117.86792926407081,
                50.815763154753476,
                56.635261701523014,
                58.84284787465678,
                97.12453900534098,
                71.25432878078355,
                84.40039694811867,
                82.9794162729529,
                62.89127138959746,
                25.00622706447336,
                47.693883098359684,
                55.09880783646774,
                58.92355390673581,
                57.04409074566796,
                54.22115131569967,
                49.758051509278374,
                85.2559920826683,
                46.08113845164852,
                21.778518039572848,
                15.84272277735112,
                98.47432908631569,
                12.788959183608336,
                6.84070617699664,
                34.48742363529059,
                1.1417517243253905,
                65.96892305472328,
                35.70827838191026,
                81.8519993280555,
                22.0701918659535,
                39.25735421548426,
                43.85906543691966,
                16.183859397560273,
                25.749132121296824,
                69.84187801741875,
                54.85565422087317,
                42.09886013896338
            ],
            [
                60.883235607185,
                0.0,
                58.68043357883443,
                100.31559835339667,
                17.35628073637898,
                37.91489757338135,
                97.63088042725006,
                54.55923482784559,
                37.62541146618864,
                70.49968120495298,
                74.4274619344231,
                79.96794198302217,
                91.44037406419551,
                58.67660001227064,
                11.000762928088212,
                61.740434417000984,
                17.687245687217665,
                72.1540967166799,
                49.021916731192775,
                58.28340526256165,
                22.124381867071456,
                97.79091571817906,
                63.958125504114015,
                45.662834876954356,
                89.20587712140943,
                55.705515427110086,
                36.47494270043477,
                96.00808586780595,
                11.17329673820578,
                28.423463546865644,
                68.41348920351892,
                46.441352284359674,
                55.575213368911136,
                37.78563839608907,
                71.53337358883614,
                64.70897885919696,
                34.76645977087687,
                60.05817284100474,
                89.73812383262756,
                74.27093044388226,
                92.51686551110559,
                38.81687783683793,
                98.30782883372005,
                88.5276158325751,
                55.3259908270968,
                79.4049740822324,
                127.08703636878154,
                86.14046789982045,
                98.87024918042837
            ],
            [
                35.75563095513768,
                58.68043357883443,
                0.0,
                82.3060002186961,
                66.22510987533354,
                72.81393136618843,
                79.57513281170192,
                39.64154207394056,
                79.56239491744829,
                27.406498225785796,
                54.04702790163396,
                56.15204619602032,
                34.023042574114385,
                104.54575528446863,
                53.37246595389799,
                21.403491327351247,
                46.60866083680156,
                65.15083626477866,
                42.42158786514243,
                103.70031885196882,
                78.42243173990464,
                39.43102088457767,
                59.334965753761075,
                19.432397072929525,
                30.710479807388225,
                25.684145031517012,
                33.576869210812376,
                89.96124446115672,
                50.56749079200984,
                72.67121089537453,
                12.100852366672354,
                19.77045019720087,
                20.070125061892366,
                93.86421726089236,
                47.05135383812032,
                32.013602733838,
                24.440130032387305,
                36.21001988400449,
                34.89084295341688,
                17.167157306904368,
                47.0623877103574,
                35.052382886189065,
                52.28435231500913,
                31.464081394504436,
                19.77186890508836,
                60.817784537090795,
                74.81750931433096,
                28.03476657652066,
                74.02843541504845
            ],
            [
                48.163300769361726,
                100.31559835339667,
                82.3060002186961,
                0.0,
                90.99295938697675,
                134.62807411903358,
                2.8510085934630283,
                49.343742075363515,
                136.95268511789027,
                56.25896313477524,
                29.2706793395712,
                26.172785942654254,
                99.49625807034154,
                158.98564394309318,
                89.3175803187704,
                103.68681384341986,
                103.48634861178552,
                145.27870589319002,
                119.35289543618119,
                97.04631386096023,
                120.89377426484792,
                97.45243373051285,
                36.53267880952614,
                95.85044517371841,
                92.0892118871695,
                106.76850570275862,
                104.7560588510278,
                19.236248412827276,
                89.60283777314199,
                127.77936584988988,
                90.66931064037048,
                69.85228603989994,
                63.500126929007,
                134.89945142216112,
                35.621773818831656,
                50.38308747982799,
                81.67044579283255,
                48.179650849710406,
                106.22803901983694,
                76.02694071182924,
                125.08271578839339,
                65.16905021557396,
                50.05533766742564,
                76.37123386459066,
                63.87207245737374,
                22.656612721234392,
                72.83920837021775,
                93.57946008072499,
                12.160152383913617
            ],
            [
                58.40840080844536,
                17.35628073637898,
                66.22510987533354,
                90.99295938697675,
                0.0,
                54.25145834906192,
                88.49007813308789,
                50.54923512774451,
                52.42929491229116,
                71.47340093349413,
                68.11302231585383,
                73.95424808623234,
                100.15387720902271,
                70.23301948513961,
                13.683754601716588,
                73.82864474578956,
                33.737459433098984,
                89.15112723908767,
                65.03213194260202,
                41.93888677587901,
                31.043333744944345,
                105.56373973102696,
                54.632589660384944,
                57.28095294249215,
                96.79478136759234,
                68.92539502969859,
                50.99672938532431,
                83.97829970295898,
                16.906302759621926,
                43.63509386949912,
                77.32845893977198,
                49.92953099118797,
                57.743477224704776,
                43.97679979261793,
                66.8302345948299,
                63.652371471925534,
                41.948891975831735,
                57.39152663939163,
                99.77485394627246,
                79.73754914718661,
                105.31535189610297,
                37.640142507700475,
                97.5399747026828,
                93.24383031600537,
                57.59458795755032,
                71.96931519752012,
                127.70635978681719,
                94.25962680278339,
                91.48568259569362
            ],
            [
                90.12335697254069,
                37.91489757338135,
                72.81393136618843,
                134.62807411903358,
                54.25145834906192,
                0.0,
                131.83482393131186,
                86.02728814161235,
                9.231405201809745,
                94.25463547221432,
                106.73720635279902,
                111.70472828398984,
                97.90746666623541,
                32.37044029666572,
                47.88980435332764,
                63.64089417976462,
                31.371011619009035,
                47.55061645236578,
                38.18003858038909,
                90.57528663493149,
                30.369505050296755,
                105.88604040665605,
                99.26514997722009,
                53.72213313895865,
                98.59624443659098,
                55.4199150937639,
                39.35052295713488,
                132.5127257662448,
                46.48896111981853,
                11.900250837692457,
                77.59132029421848,
                70.31269979171614,
                79.5949425089308,
                36.258174595530875,
                102.35886953752468,
                91.86120250138246,
                56.45097445571688,
                89.59492323229034,
                92.96996883402726,
                89.95980863141051,
                87.01714595411642,
                69.72703992713299,
                122.40745743621996,
                104.04156383388323,
                79.24273892919147,
                112.56954343426999,
                147.5069887056203,
                94.6443579723588,
                131.32908717035994
            ],
            [
                45.33317505977273,
                97.63088042725006,
                79.57513281170192,
                2.8510085934630283,
                88.49007813308789,
                131.83482393131186,
                0.0,
                46.4983557988882,
                134.20350919778514,
                53.658283358676314,
                26.428282369461694,
                23.425003607256926,
                97.17686988167502,
                156.30595551673647,
                86.63598746479433,
                100.94642522150053,
                100.67632586164434,
                142.4535331116782,
                116.51063672042994,
                95.38580326233038,
                118.28709577126322,
                95.2814586895058,
                33.945103932673405,
                93.02395395810693,
                89.78798647926124,
                103.97751237647495,
                101.9054546920821,
                19.496956506080636,
                86.8875645705414,
                125.03686735119366,
                88.03639248628943,
                67.0116241035837,
                60.70242474563928,
                132.36303979585844,
                32.81965569593928,
                47.62513405755411,
                78.81967867227067,
                45.341955692272464,
                103.82168937173003,
                73.5217746249368,
                122.56097318885811,
                62.34487577981049,
                48.4262093189215,
                74.1733885702952,
                61.07344177299982,
                19.80579132476155,
                72.08996841447498,
                91.20784159818716,
                11.03023916331826
            ],
            [
                8.767770583221257,
                54.55923482784559,
                39.64154207394056,
                49.343742075363515,
                50.54923512774451,
                86.02728814161235,
                46.4983557988882,
                0.0,
                89.1992191725914,
                25.622645550372038,
                20.715874034179684,
                25.78282083093314,
                68.24518494370135,
                112.47909932960877,
                44.059941897374316,
                59.39274175351733,
                54.67388093962235,
                97.33193812926977,
                70.80893040429292,
                75.64406950977715,
                76.47113720875348,
                70.2752177228929,
                19.74061561856671,
                48.30680881614931,
                62.186654002285735,
                60.51482188687331,
                55.692227285322325,
                52.18438238592079,
                43.389191200113416,
                80.22745555606261,
                50.922090000313226,
                22.18970961955113,
                19.891124503154668,
                91.73116558727465,
                16.974563204984097,
                15.425061490963337,
                32.47107897806908,
                7.627221381341964,
                72.01106484423072,
                42.62632111735658,
                86.59734998832239,
                16.362000488937774,
                47.656995341712424,
                51.9544897001212,
                20.122713385624714,
                26.79450574278242,
                78.38642526611352,
                61.554911298774535,
                45.31137468671636
            ],
            [
                94.01224840413083,
                37.62541146618864,
                79.56239491744829,
                136.95268511789027,
                52.42929491229116,
                9.231405201809745,
                134.20350919778514,
                89.1992191725914,
                0.0,
                99.54816290620333,
                109.7823345807512,
                114.98187276697139,
                106.01662909657144,
                24.998166912795828,
                48.3649997932389,
                71.84611512113929,
                35.435518565416814,
                56.48488998838538,
                47.022143081743934,
                85.83904196226796,
                24.79080928489427,
                113.86675106017559,
                100.98739605515135,
                60.88391203758181,
                106.36222978576558,
                63.6956432183552,
                46.576201315693396,
                133.55175244076733,
                47.55278940293617,
                9.240543057634646,
                85.14807878631201,
                75.19575478708887,
                84.62801264947676,
                27.76343726918553,
                105.88100281448035,
                96.32794423738108,
                61.364261822334335,
                93.39354751266276,
                101.37888916830762,
                96.72424135137996,
                96.04378222456673,
                72.84154727214407,
                127.86116114755097,
                110.98033574016614,
                84.29233752245811,
                115.31910581078922,
                153.8558576232962,
                102.48639016962203,
                134.42921269203356
            ],
            [
                17.273639685949224,
                70.49968120495298,
                27.406498225785796,
                56.25896313477524,
                71.47340093349413,
                94.25463547221432,
                53.658283358676314,
                25.622645550372038,
                99.54816290620333,
                0.0,
                30.240847871711534,
                30.67986937716652,
                45.75822252885267,
                124.25233643276088,
                61.70732958895564,
                48.550561191401286,
                64.25683504499736,
                92.4843363656787,
                68.73195188556774,
                100.88857818901008,
                92.40736752553879,
                46.21825501898574,
                41.47650501187389,
                44.661835038430745,
                38.89380172983865,
                53.03135269819167,
                57.09550739769286,
                66.60837876723919,
                59.92960678996651,
                91.44422392912524,
                34.45327654955331,
                24.583003315298967,
                15.111455290606528,
                108.18514569477642,
                23.127765499502974,
                10.461390203983408,
                38.22582955280369,
                18.35489703049298,
                51.24474947738549,
                20.398553600684533,
                69.0619709681095,
                33.843015896932116,
                28.34683756612014,
                26.62201016076735,
                15.411489253151366,
                36.487162523276595,
                56.679509639727826,
                39.26021523119811,
                47.07873164179341
            ],
            [
                18.963447893249793,
                74.4274619344231,
                54.04702790163396,
                29.2706793395712,
                68.11302231585383,
                106.73720635279902,
                26.428282369461694,
                20.715874034179684,
                109.7823345807512,
                30.240847871711534,
                0.0,
                5.887368936970062,
                75.86495697619554,
                132.78527857032947,
                63.633362420981655,
                75.2391507660739,
                75.38878066396883,
                116.07295716487971,
                90.08246187799264,
                85.19236205787465,
                95.99246710549741,
                75.60805195876956,
                17.459604233773454,
                66.64441519737419,
                68.82389484038228,
                77.8318578539662,
                75.5519052638648,
                36.470071483340966,
                63.33883840109479,
                100.75363617259677,
                63.473534776314445,
                40.58392869104715,
                34.58900832634552,
                110.87954590906297,
                7.18455015989171,
                22.15432971227069,
                52.57065330581312,
                18.92375345960732,
                81.48258010765245,
                50.631553926380725,
                98.87180420119782,
                37.02755877721349,
                38.23451697092563,
                54.87505897035556,
                34.94919250855447,
                6.81100264278322,
                68.30301326442341,
                69.44106096539713,
                24.647258285659284
            ],
            [
                22.52513584864695,
                79.96794198302217,
                56.15204619602032,
                26.172785942654254,
                73.95424808623234,
                111.70472828398984,
                23.425003607256926,
                25.78282083093314,
                114.98187276697139,
                30.67986937716652,
                5.887368936970062,
                0.0,
                75.53223450951258,
                138.18280150583138,
                69.23409600767529,
                77.52150566778228,
                80.33390649657217,
                119.34137265005795,
                93.70573955206798,
                90.6907231529223,
                101.63238588166668,
                74.62007228621533,
                22.860420840395744,
                69.961201390485,
                68.31153877640291,
                80.64290873970259,
                79.56375613305346,
                36.42101466186795,
                68.84463913043629,
                106.00552638895766,
                64.81877814337446,
                44.289441416662726,
                37.42321936979768,
                116.59500288605854,
                9.737407149749876,
                24.21130289761375,
                56.853738311565756,
                22.737706656564992,
                81.63020383412011,
                50.92721694732592,
                99.74087493600604,
                42.14172433586457,
                34.05560783483389,
                53.60204818847877,
                37.79958502417718,
                6.897237128010026,
                63.488356412810056,
                69.28111015998516,
                19.708191444168595
            ],
            [
                61.5163692442914,
                91.44037406419551,
                34.023042574114385,
                99.49625807034154,
                100.15387720902271,
                97.90746666623541,
                97.17686988167502,
                68.24518494370135,
                106.01662909657144,
                45.75822252885267,
                75.86495697619554,
                75.53223450951258,
                0.0,
                130.26383434399588,
                87.09330640181254,
                34.279840387609745,
                77.22593979356935,
                73.12381270147229,
                60.91303493506131,
                137.48632153054353,
                109.61376797647274,
                8.466189815967986,
                86.51037827336094,
                46.84683820707647,
                7.469346691645801,
                42.52948624190045,
                60.14193671640447,
                111.91624617096484,
                84.17659604070481,
                100.71081308876421,
                23.046187927724617,
                52.69698223807508,
                49.08100522605461,
                124.42807904970647,
                68.83286482487853,
                55.375584529646275,
                58.22331802637153,
                62.39566505775862,
                8.68730429995404,
                25.810029213466617,
                29.52729925001607,
                68.02167236991457,
                54.511528551307386,
                23.837105277277274,
                48.96301291791591,
                81.82681498139837,
                62.27054881723784,
                6.690288857740002,
                88.64922718219263
            ],
            [
                117.86792926407081,
                58.67660001227064,
                104.54575528446863,
                158.98564394309318,
                70.23301948513961,
                32.37044029666572,
                156.30595551673647,
                112.47909932960877,
                24.998166912795828,
                124.25233643276088,
                132.78527857032947,
                138.18280150583138,
                130.26383434399588,
                0.0,
                69.6699906846556,
                95.98853975866078,
                59.997557491951284,
                73.36004668755328,
                70.08789879144615,
                95.30515718469805,
                39.20298871259689,
                138.25600389133197,
                122.5731589092816,
                85.7618837712885,
                130.94549550862757,
                87.75400627891584,
                71.40927627416481,
                153.88142557501862,
                69.55040771267986,
                32.83374028343404,
                109.86742108559753,
                99.77900513134013,
                109.24936439174371,
                30.157997579414978,
                129.36141713045663,
                120.5870026992959,
                86.02666544740649,
                117.18159800924374,
                125.19796379334609,
                121.71052520632716,
                118.08853048878201,
                96.23645160748603,
                152.5940774637076,
                135.94468016807426,
                108.92258213979322,
                137.9764451201726,
                178.83642443305556,
                127.00622125313389,
                157.35348828036828
            ],
            [
                50.815763154753476,
                11.000762928088212,
                53.37246595389799,
                89.3175803187704,
                13.683754601716588,
                47.88980435332764,
                86.63598746479433,
                44.059941897374316,
                48.3649997932389,
                61.70732958895564,
                63.633362420981655,
                69.23409600767529,
                87.09330640181254,
                69.6699906846556,
                0.0,
                60.15049111187705,
                21.8762618607476,
                77.44511163398242,
                52.3597213991824,
                55.22169751103273,
                32.4312017970349,
                92.80285544098308,
                52.96104305052913,
                43.606354697452076,
                84.06969917871719,
                55.28038802324022,
                37.71337508099746,
                85.18675266143205,
                3.2404964125886675,
                39.127628410114504,
                64.1420823640767,
                38.5521628576141,
                47.16574496390363,
                47.70667781348855,
                60.99997367212547,
                55.11028885788933,
                28.93620794091721,
                49.93090700157568,
                86.3911823509784,
                67.74044608651467,
                91.63163423730913,
                28.82748861763716,
                88.99147782231735,
                81.64067246170869,
                46.95995930577453,
                68.49422055910995,
                118.37855249157256,
                81.35694576986036,
                87.99466631563529
            ],
            [
                56.635261701523014,
                61.740434417000984,
                21.403491327351247,
                103.68681384341986,
                73.82864474578956,
                63.64089417976462,
                100.94642522150053,
                59.39274175351733,
                71.84611512113929,
                48.550561191401286,
                75.2391507660739,
                77.52150566778228,
                34.279840387609745,
                95.98853975866078,
                60.15049111187705,
                0.0,
                45.52341834704419,
                45.10223560977881,
                27.021218810408975,
                114.52635808843307,
                77.44120074611446,
                42.37187455140497,
                79.07920012240892,
                16.552434171444393,
                35.64007481754212,
                8.260281895916144,
                26.94363280999799,
                110.79487927697743,
                56.94782266250397,
                66.930093515548,
                16.94530946899466,
                37.569781740116625,
                40.79254521355587,
                91.57195905406853,
                68.32348668649749,
                53.33873276522418,
                34.415209849716156,
                56.972333680480396,
                29.724772917551448,
                33.48622996098546,
                31.583305875098,
                51.023162867466375,
                71.25661412107651,
                44.88109571969027,
                40.45305309862285,
                82.03557153454835,
                89.59020668019468,
                31.513356469916054,
                95.39949776073247
            ],
            [
                58.84284787465678,
                17.687245687217665,
                46.60866083680156,
                103.48634861178552,
                33.737459433098984,
                31.371011619009035,
                100.67632586164434,
                54.67388093962235,
                35.435518565416814,
                64.25683504499736,
